HEA 100	96	100	5	8	72800	83000	26760	41140	2124	12	3490000	1338000	0,1667	1	45
HEA 100 corrosie 50 jr.	94,8	98,8	3,8	6,8	62436	70210,1	22202,7	34072	1780	12	2959468	1096810	0,1397	2	41,4
HEA 100 corrosie 100 jr.	93,6	97,6	2,6	5,6	51914	57411	17840	27324	1435	12	2429578	870611	0,1126	3	37,8
HEA 120	114	120	5	8	106300	119400	38500	58860	2534	12	6060000	2309000	0,1989	1	45
HEA 120 corrosie 50 jr.	112,8	118,8	3,8	6,8	91034	100951	32055	48933	2120	12	5134344	190411	0,1664	2	41,4
HEA 120 corrosie 100 jr.	111,6	117,6	2,6	5,6	75452	82406	25864	39406	1706	12	4210265	152086	0,1339	3	37,8
HEA 140	133	140	5,5	8,5	155400	173400	55600	84800	3142	12	10330000	3890000	0,2466	1	46,5
HEA 140 corrosie 50 jr.	131,8	138,8	4,3	7,3	134096	148032	46944	71482	2658	12	8836939	325792	0,2086	2	42,9
HEA 140 corrosie 100 jr.	130,6	137,6	3,1	6,1	112497	122559	38546	58577	2173	12	7346062	265202	0,1706	3	39,3
HEA 160  	152	160	6	9	220100	245200	76900	117600	3880	15	16730000	6160000	0,3044	1	54
HEA 160 corrosie 50 jr.	150,8	158,8	4,8	7,8	192140	211837	65686	100284	3325	15	14487355	521554	0,261	2	50,4
HEA 160 corrosie 100 jr.	149,6	157,6	3,6	6,6	163652	178384	54739	83444	2770	15	12241170	431349	0,2175	3	46,8
HEA 180	171	180	6	9,5	293600	324800	102700	156400	4530	15	25100000	9250000	0,355	1	55
HEA 180 corrosie 50 jr.	169,8	178,8	4,8	8,3	257677	282405	88558	134713	3903	15	21876747	7917142	0,3063	2	51,4
HEA 180 corrosie 100 jr.	168,6	177,6	3,6	7,1	221170	239788	74735	113511	3277	15	18644616	6636504	0,2572	3	47,8
HEA 200	190	200	6,5	10	389000	429400	133600	203800	5380	18	36920000	13360000	0,423	1	62,5
HEA 200 corrosie 50 jr.	188,8	198,8	5,3	8,8	344145	377097	116117	177030	4693	18	32487331	11542052	0,3684	2	58,9
HEA 200 corrosie 100 jr.	187,6	197,6	4,1	7,6	298821	324316	99070	150860	3997	18	28029445	9788190	0,3138	3	55,3
HEA 220	210	220	7	11	515000	568400	177700	270600	6430	18	54100000	19550000	0,505	1	65
HEA 220 corrosie 50 jr.	208,8	218,8	5,8	9,8	460883	504552	156575	238177	5672	18	48116219	17129300	0,4453	2	61,4
HEA 220 corrosie 100 jr.	207,6	217,6	4,6	8,6	405640	440205	135890	206445	4905	18	42105463	14784800	0,3851	3	57,8
HEA 240 	230	240	7,5	12	675000	744000	230700	351600	7680	21	77630000	27690000	0,603	1	73,5
HEA 240 corrosie 50 jr. 	228,8	238,8	6,3	10,8	610315	668404	205587	313087	6854	21	69819991	24547100	0,538	2	69,9
HEA 240 corrosie 100 jr. 	227,6	237,6	5,1	9,6	544331	591413	180902	275193	6015	21	61944819	21491200	0,4722	3	66,3
HEA 260	250	260	7,5	12,5	836000	920000	282100	430200	8680	24	104600000	36680000	0,682	1	80,5
HEA 260 corrosie 50 jr.	248,8	258,8	6,3	11,3	759904	829993	252695	385055	7784	24	94532019	32698800	0,611	2	76,9
HEA 260 corrosie 100 jr.	247,6	257,6	5,1	10,1	681751	739007	223763	340668	6873	24	84400731	28820700	0,5395	3	73,3
HEA 280	270	280	8	13	1013000	1112000	340000	518200	9730	24	136700000	47630000	0,764	1	82
HEA 280 corrosie 50 jr.	268,8	278,8	6,8	11,8	932347	1022420	306205	467104	8757	24	125307403	42684900	0,7066	2	78,4
HEA 280 corrosie 100 jr.	267,6	277,6	5,6	10,6	831749	901234	272641	414569	7775	24	111287985	37842500	0,6103	3	74,8
HEA 300	290	300	8,5	14	1260000	1384000	421000	642000	11250	27	182600000	63100000	0,883	1	90,5
HEA 300 corrosie 50 jr.	288,8	298,8	7,3	12,8	1153817	1262940	356473	543618	10187	27	162158917	56999584	0,7818	2	86,9
HEA 300 corrosie 100 jr.	287,6	297,6	6,1	11,6	1051630	1140710	342973	522071	9162	27	151225082	51034400	0,7192	3	83,3
HEA 320	310	300	9	15,5	1479000	1628000	466000	710000	12440	27	229300000	69850000	0,976	1	94
HEA 320 corrosie 50 jr.	308,8	298,8	7,8	14,3	1368700	1497840	426203	649102	11376	27	211328001	63674700	0,893	2	90,4
HEA 320 corrosie 100 jr.	307,6	297,6	6,6	13,1	1255680	1365570	387288	589261	10299	27	193123372	57628400	0,8085	3	86,8
HEA 340	330	300	9,5	16,5	1678000	1850000	496000	756000	13350	27	276900000	74360000	1,048	1	96,5
HEA 340 corrosie 50 jr.	328,8	298,8	8,3	15,3	1559450	1709920	456006	694778	12263	27	256372847	68127300	0,9627	2	92,9
HEA 340 corrosie 100 jr.	327,6	297,6	7,1	14,1	1437920	1567190	416845	634414	11163	27	235531446	62026500	0,8763	3	89,3
HEA 360	350	300	10	17,5	1891000	2088000	526000	802000	14280	27	330900000	78870000	1,121	1	99
HEA 360 corrosie 50 jr.	348,8	298,8	8,8	16,3	1763410	1937390	485814	740566	13168	27	307538312	72580600	1,0337	2	95,4
HEA 360 corrosie 100 jr.	347,6	297,6	7,6	15,1	1633240	1783980	446406	679669	12045	27	283856559	66425200	0,9455	3	91,8
HEA 400	390	300	11	19	2311000	2562000	571000	872000	15900	27	450700000	85640000	1,248	1	103
HEA 400 corrosie 50 jr.	388,8	298,8	9,8	17,8	2166000	2388790	530566	810208	14715	27	421052924	79266630	1,1574	2	99,4
HEA 400 corrosie 100 jr.	387,6	297,6	8,6	16,6	2017550	2213160	490782	748385	13573	27	391000811	73028300	1,0655	3	95,8
HEA 450	440	300	11,5	21	2896000	3216000	631000	966000	17800	27	637200000	94650000	1,398	1	107,5
HEA 450 corrosie 50 jr.	438,8	298,8	10,3	19,8	2727787	3014030	590169	901758	16589	27	598476517	88171300	1,3023	2	103,9
HEA 450 corrosie 100 jr.	437,6	297,6	9,1	18,6	2555760	2809200	549891	838848	15359	27	559200055	81823800	1,2057	3	100,3
HEA 500	490	300	12	23	3550000	3948000	691000	1058000	19750	27	869800000	103700000	1,551	1	112
HEA 500 corrosie 50 jr.	488,8	298,8	10,8	21,8	3357062	3716715	649785	993595	18481	27	820466000	97077808	1,4507	2	108,4
HEA 500 corrosie 100 jr.	487,6	297,6	9,6	20,6	3160400	3481220	609010	929571	17192	27	770505363	90620800	1,3495	3	104,8
HEA 550	540	300	12,5	24	4146000	4622000	721000	1106000	21180	27	1118999900	108200000	1,662	1	114,5
HEA 550 corrosie 50 jr.	538,8	298,8	11,3	22,8	3926586	4357576	679654	1041160	19843	27	1057822348	101540354	1,5577	2	110,9
HEA 550 corrosie 100 jr.	537,6	297,6	10,1	21,6	3703410	4089590	638620	976339	18495	27	995475227	95026700	1,4518	3	107,3
HEA 600	590	300	13	25	4787000	5350000	751000	1156000	22650	27	1412000000	112700000	1,778	1	117
HEA 600 corrosie 50 jr.	588,8	298,8	11,8	23,8	4540568	5052570	709539	1089060	21254	27	1336743139	106005142	1,6684	2	113,4
HEA 600 corrosie 100 jr.	587,6	297,6	10,6	22,6	4335160	4824180	668406	1026740	20388	27	1273670195	99458900	1,6005	3	109,8
HEA 650	640	300	13,5	26	5474000	6136000	782000	1204000	24160	27	1752000000	117200000	1,897	1	119,5
HEA 650 corrosie 50 jr.	638,8	298,8	12,3	24,8	5200108	5803432	739441	1137300	22713	27	1660914535	110472549	1,7829	2	115,9
HEA 650 corrosie 100 jr.	637,6	297,6	11,1	23,6	4920980	5466060	697881	1070800	21245	27	1568809032	103845000	1,6677	3	112,3
HEA 700	690	300	14,5	27	6241000	7032000	812000	1256000	26050	27	2152999900	121800000	2,045	1	122,5
HEA 700 corrosie 50 jr.	688,8	298,8	13,3	25,8	5937606	6662640	769481	1188160	24538	27	2044911460	114960411	1,9262	2	118,9
HEA 700 corrosie 100 jr.	687,6	297,6	12,1	24,6	5629290	6288560	727636	1120590	23012	27	1935348489	108272000	1,8064	3	115,3
HEA 800	790	300	15	28	7682000	8700000	843000	1312000	28580	30	3033999900	126400000	2,244	1	131
HEA 800 corrosie 50 jr.	788,8	298,8	13,8	26,8	7318637	8254020	799842	1242300	26958	30	2886470518	119496408	2,1162	2	127,4
HEA 800 corrosie 100 jr.	787,6	297,6	12,6	25,6	6947640	7801280	757689	1173320	25312	30	2735981366	112744000	1,987	3	123,8
HEA 900	890	300	16	30	9485000	10812000	903000	1414000	32100	30	4221000000	135500000	2,516	1	136
HEA 900 corrosie 50 jr.	888,8	298,8	14,8	28,8	9056754	10282461	859863	1342500	30309	30	4024821482	128463503	2,3792	2	132,4
HEA 900 corrosie 100 jr.	887,6	297,6	13,6	27,6	8620140	9745620	817152	1271550	28544	30	3825619784	121592000	2,2407	3	128,8
HEA 1000	990	300	16,5	31	11190000	12824000	934000	1470000	34700	30	5538000000	140000000	2,723	1	138,5
HEA 1000 corrosie 50 jr.	988,8	298,8	15,3	29,8	10691020	12206200	890015	1396200	32821	30	5285640473	132968217	2,5765	2	134,9
HEA 1000 corrosie 100 jr.	987,6	297,6	14,1	28,6	10183700	11578800	846999	1323780	30938	30	5028689145	126033000	2,4286	3	131,3
HEB 100	100	100	6	10	89900	104200	33500	51420	2604	12	4500000	1673000	0,2044	1	50
HEB 100 corrosie 50 jr.	98,8	98,8	4,8	8,8	79554	90986	28730	44071	2256	12	3929995	1419290	0,1771	2	46,4
HEB 100 corrosie 100 jr.	97,6	97,6	3,6	7,6	69023	77770	24206	37042	1908	12	3368332	1181260	0,1497	3	42,8
HEB 120 	120	120	6,5	11	144100	165200	52900	81000	3400	12	8640000	3180000	0,2669	1	52,5
HEB 120 corrosie 50 jr.	118,8	118,8	5,3	9,8	128729	148912	46198	70538	2982	12	7646500	2744178	0,2341	2	48,9
HEB 120 corrosie 100 jr.	117,6	117,6	4,1	8,6	113163	126618	39716	60499	2562	12	6653992	2335320	0,2011	3	45,3
HEB 140	140	140	7	12	215600	245400	78500	119800	4300	12	15090000	5500000	0,337	1	55
HEB 140 corrosie 50 jr.	138,8	138,8	5,8	10,8	194319	218912	69451	105736	3805	12	13485710	4819910	0,2987	2	51,4
HEB 140 corrosie 100 jr.	137,6	137,6	4,6	9,6	172744	192398	60659	92149	3315	12	11884781	4173328	0,2601	3	47,8
HEB 160	160	160	8	13	311500	354000	111200	170000	5430	15	24920000	8890000	0,426	1	64
HEB 160 corrosie 50 jr. 	158,8	158,8	6,8	11,8	283521	319306	99371	151702	4866	15	22511598	7890039	0,382	2	60,4
HEB 160 corrosie 100 jr.	157,6	157,6	5,6	10,6	255105	284516	87904	133946	4304	15	20102306	6926854	0,3379	3	56,8
HEB 180	180	180	8,5	14	426000	481400	151400	231000	6530	15	38310000	13630000	0,512	1	66,5
HEB 180 corrosie 50 jr.	178,8	178,8	7,3	12,8	389828	437316	136588	208052	5895	15	34850626	12211003	0,4627	2	62,9
HEB 180 corrosie 100 jr.	177,6	177,6	6,1	11,6	353464	393029	122107	185665	5261	15	31387606	10843093	0,413	3	59,3
HEB 200	200	200	9	15	570000	642000	200300	305800	7810	18	20030000	20030000	0,613	1	75
HEB 200 corrosie 50 jr.	198,8	198,8	7,8	13,8	525185	588053	182086	277594	7109	18	52203388	18099366	0,558	2	71,4
HEB 200 corrosie 100 jr.	197,6	197,6	6,6	12,6	480019	533181	164228	249986	6404	18	47425882	16225719	0,5027	3	67,8
HEB 220	220	220	9,5	16	736000	828000	258500	393800	9100	18	80910000	28430000	0,715	1	77,5
HEB 220 corrosie 50 jr.	218,8	218,8	8,3	14,8	681311	760822	236468	359886	8333	18	74535373	25869608	0,6542	2	73,9
HEB 220 corrosie 100 jr.	217,6	217,6	7,1	13,6	626251	694171	214890	326570	7557	18	68136126	23380080	0,5932	3	70,3
HEB 240	240	240	10	17	938000	1054000	327000	498400	10600	21	112600000	39230000	0,832	1	86
HEB 240 corrosie 50 jr.	238,8	238,8	8,8	15,8	873632	974394	300762	458094	9760	21	104311669	35910970	0,7661	2	82,4
HEB 240 corrosie 100 jr.	237,6	237,6	7,6	14,6	807849	894886	275102	418469	8912	21	95972421	32682089	0,6996	3	78,8
HEB 260	260	260	10	17,5	1150000	1282000	395000	602200	11840	24	149200000	51350000	0,93	1	93
HEB 260 corrosie 50 jr.	258,8	258,8	8,8	16,3	1071290	1190390	364441	554956	10912	24	138346425	47163455	0,8566	2	89,4
HEB 260 corrosie 100 jr.	257,6	257,6	7,6	15,1	993381	1096675	334490	509004	10017	24	127947452	43082319	0,7864	3	85,8
HEB 280	280	280	10,5	18	1380000	1534000	471000	718000	13140	24	192700000	65950000	1,031	1	94,5
HEB 280 corrosie 50 jr.	278,8	278,8	9,3	16,8	1286999	1426645	435855	663382	12158	24	179407584	60758249	0,9544	2	90,9
HEB 280 corrosie 100 jr.	277,6	277,6	8,1	15,6	1195836	1317549	401211	609970	11167	24	165982039	55688106	0,8766	3	87,3
HEB 300	300	300	11	19	1680000	1868000	571000	870000	14910	27	251700000	85630000	1,17	1	103
HEB 300 corrosie 50 jr.	298,8	298,8	9,8	17,8	1575116	1745173	530519	808047	13862	27	235322305	79259571	1,0881	2	99,4
HEB 300 corrosie 100 jr.	297,6	297,6	8,6	16,6	1470292	1619786	490749	746721	12799	27	218779397	73023518	1,0047	3	95,8
HEB 320	320	300	11,5	20,5	1930000	2150000	616000	940000	16130	27	308200000	92390000	1,267	1	106,5
HEB 320 corrosie 50 jr.	318,8	298,8	10,3	19,3	1816030	2015732	575217	876282	15065	27	289474782	85937367	1,1826	2	102,9
HEB 320 corrosie 100 jr.	317,6	297,6	9,1	18,1	1703241	1880205	535080	814243	13979	27	270474611	79619876	1,0973	3	99,3
HEB 340	340	300	12	21,5	2160000	2408000	646000	986000	17090	27	366600000	96900000	1,342	1	109
HEB 340 corrosie 50 jr.	338,8	298,8	10,8	20,3	2037403	2264199	605041	922348	15997	27	345135989	90393053	1,2557	2	105,4
HEB 340 corrosie 100 jr.	337,6	297,6	9,6	19,1	1916068	2118130	564655	859760	14888	27	323432302	84020630	1,1687	3	101,8
HEB 360	360	300	12,5	22,5	2400000	2682000	676000	1032000	18060	27	431900000	101400000	1,418	1	111,5
HEB 360 corrosie 50 jr.	358,8	298,8	11,3	21,3	2272220	2528453	634871	968548	16947	27	407636186	94849748	1,6947	2	107,9
HEB 360 corrosie 100 jr.	357,6	297,6	10,1	20,1	2142189	2371611	594235	905400	15814	27	383023488	88422239	1,5841	3	104,3
HEB 400	400	300	13,5	24	2880000	3232000	721000	1104000	19780	27	576800000	108200000	1,553	1	115,5
HEB 400 corrosie 50 jr.	398,8	298,8	12,3	22,8	2738627	3055096	679676	1039097	18615	27	546082283	101543590	1,8615	2	111,9
HEB 400 corrosie 100 jr.	397,6	297,6	11,1	21,6	2590325	2875850	638656	974969	17435	27	514956697	95032052	1,3687	3	108,3
HEB 450	450	300	14	26	3550000	3982000	781000	1198000	21800	27	798900000	117200000	1,711	1	120
HEB 450 corrosie 50 jr.	448,8	298,8	12,8	24,8	3381748	3776666	739324	1131532	20575	27	758864174	110455019	1,6151	2	116,4
HEB 450 corrosie 100 jr.	447,6	297,6	11,6	23,6	2925017	3267798	697804	866168	17920	27	654618895	75535303	1,4067	3	112,8
HEB 500	500	300	14,5	28	4290000	4814000	842000	1292000	23860	27	1072000000	126200000	1,873	1	124,5
HEB 500 corrosie 50 jr.	498,8	298,8	13,3	26,8	4093837	4578329	798934	1223864	22582	27	1019709645	119369052	1,7704	2	120,9
HEB 500 corrosie 100 jr.	497,6	297,6	12,1	25,6	3897022	4338752	756967	1157846	21284	27	969579097	112636715	1,6708	3	117,3
HEB 550	550	300	15	29	4970000	5590000	872000	1342000	25410	27	1366999900	130800000	1,994	1	127
HEB 550 corrosie 50 jr.	548,8	298,8	13,8	27,8	4751180	5322042	828917	1272906	24064	27	1303723777	123840165	1,8891	2	123,4
HEB 550 corrosie 100 jr.	547,6	297,6	12,6	26,6	4527767	5049748	786627	1205574	22707	27	1239702418	117050063	1,7825	3	119,8
HEB 600	600	300	15,5	30	5700000	6426000	902000	1392000	27000	27	1710000000	135300000	2,119	1	129,5
HEB 600 corrosie 50 jr.	598,8	298,8	14,3	28,8	5454792	6122768	858865	1321890	25595	27	1633164565	128314426	2,0092	2	125,9
HEB 600 corrosie 100 jr.	597,6	297,6	13,1	27,6	5203805	5816289	816305	1253665	24178	27	1554897004	121466176	1,898	3	122,3
HEB 650	650	300	16	31	6480000	7320000	932000	1442000	28630	27	2106000000	139800000	2,248	1	132
HEB 650 corrosie 50 jr.	648,8	298,8	14,8	29,8	6205763	6982242	888837	1371290	27174	27	2013149611	132792259	2,1331	2	128,4
HEB 650 corrosie 100 jr.	647,6	297,6	13,6	28,6	5926230	6640105	846003	1302139	25697	27	1918913044	125885319	2,0172	3	124,8
HEB 700	700	300	17	32	7340000	8328000	963000	1496000	30640	27	2568999900	144400000	2,405	1	135
HEB 700 corrosie 50 jr.	698,8	298,8	15,8	30,8	7036039	7952941	918994	1423759	29119	27	2458392081	137297642	2,2858	2	131,4
HEB 700 corrosie 100 jr.	697,6	297,6	14,6	29,6	6727214	7573866	875864	1353465	27584	27	2346452319	130328495	2,1653	3	127,8
HEB 800	800	300	17,5	33	8980000	10228000	994000	1554000	33400	30	3591000000	149000000	2,623	1	143,5
HEB 800 corrosie 50 jr.	798,8	298,8	16,3	31,8	8612831	9777784	949534	1480333	31784	30	3439964688	141860370	2,495	2	139,9
HEB 800 corrosie 100 jr.	797,6	297,6	15,1	30,6	8241161	9319597	906077	1408480	30129	30	3286574868	134824313	2,3651	3	136,3
HEB 900	900	300	18,5	35	10980000	12584000	1054000	1658000	37100	30	4941000000	158200000	2,915	1	148,5
HEB 900 corrosie 50 jr.	898,8	298,8	17,3	33,8	10550133	12049607	1009761	1583371	35375	30	4741229581	150858238	2,7769	2	144,9
HEB 900 corrosie 100 jr.	897,6	297,6	16,1	32,6	10112646	11506862	965725	1509409	33601	30	4538555243	143699888	2,6377	3	141,3
HEB 1000	1000	300	19	36	12890000	14856000	1085000	1716000	40000	30	6447000000	162800000	3,14	1	151
HEB 1000 corrosie 50 jr.	998,8	298,8	17,8	34,8	12395985	14230582	1040085	1639621	38132	30	6190554869	155388726	2,9934	2	147,4
HEB 1000 corrosie 100 jr.	997,6	297,6	16,6	33,6	11887561	13596781	995725	1564045	36240	30	5929515539	148163896	2,8448	3	143,8